~CL
D|high|mod|low
coll|none|adeq
inc|low|med|high
debt|high|low
credH|bad|unk|good
~TR
!n|a|l|m|h|h|l|b|u|g|h|m|l
1|0|0|0|1|0|1|0|1|0|0|0|1
0|1|0|0|1|0|1|0|1|0|0|0|1
1|0|1|0|0|0|1|1|0|0|1|0|0
0|1|0|0|1|0|1|1|0|0|0|1|0
1|0|0|0|1|0|1|0|0|1|0|0|1
0|1|0|0|1|1|0|0|0|1|0|0|1
1|0|1|0|0|1|0|0|0|1|1|0|0
1|0|0|1|0|1|0|0|0|1|0|1|0
1|0|0|0|1|1|0|0|0|1|0|0|1
1|0|0|1|0|1|0|1|0|0|1|0|0
1|0|1|0|0|1|0|1|0|0|1|0|0
1|0|0|1|0|1|0|0|1|0|1|0|0
1|0|0|1|0|0|1|0|1|0|0|1|0
1|0|1|0|0|0|1|0|1|0|1|0|0
~TE
1|0|0|0|1|0|1|0|1|0
0|1|0|0|1|0|1|0|1|0
1|0|1|0|0|0|1|1|0|0
0|1|0|0|1|0|1|1|0|0
1|0|0|0|1|0|1|0|0|1
0|1|0|0|1|1|0|0|0|1
1|0|1|0|0|1|0|0|0|1
1|0|0|1|0|1|0|0|0|1
1|0|0|0|1|1|0|0|0|1
1|0|0|1|0|1|0|1|0|0
1|0|1|0|0|1|0|1|0|0
1|0|0|1|0|1|0|0|1|0
1|0|0|1|0|0|1|0|1|0
1|0|1|0|0|0|1|0|1|0
