~CL
wheather|sunny|cloudy|rainy
temp|hot|mild|cool
humidity|high|normal
wind|week|strong
D|no|yes
~TR
!sunny|cloudy|rainy|hot|mild|cool|high|normal|false|true|no|yes
0|0|1|0|0|1|0|1|0|1|1|0
0|1|0|0|0|1|0|1|0|1|0|1
1|0|0|0|1|0|1|0|1|0|1|0
1|0|0|0|0|1|0|1|1|0|0|1
0|0|1|0|1|0|0|1|1|0|0|1
1|0|0|0|1|0|0|1|0|1|0|1
0|1|0|0|1|0|1|0|0|1|0|1
0|1|0|1|0|0|0|1|1|0|0|1
0|0|1|0|1|0|1|0|0|1|1|0
1|0|0|1|0|0|1|0|1|0|1|0
1|0|0|1|0|0|1|0|0|1|1|0
0|1|0|1|0|0|1|0|1|0|0|1
0|0|1|0|1|0|1|0|1|0|0|1
0|0|1|0|0|1|0|1|1|0|0|1
~TE
1|0|0|1|0|0|1|0|1|0
1|0|0|1|0|0|1|0|0|1
0|1|0|1|0|0|1|0|1|0
0|0|1|0|1|0|1|0|1|0
0|0|1|0|0|1|0|1|1|0
0|0|1|0|0|1|0|1|0|1
0|1|0|0|0|1|0|1|0|1
1|0|0|0|1|0|1|0|1|0
1|0|0|0|0|1|0|1|1|0
0|0|1|0|1|0|0|1|1|0
1|0|0|0|1|0|0|1|0|1
0|1|0|0|1|0|1|0|0|1
0|1|0|1|0|0|0|1|1|0
0|0|1|0|1|0|1|0|0|1

